dim 100 100 100
putbox 6 11 10 15 4 8 0.94 0.86 0.03 1.0
putbox 10 11 9 10 7 8 0.94 0.86 0.03 1.0
putbox 10 11 9 10 4 5 0.94 0.86 0.03 1.0
putbox 8 9 9 10 4 5 0.94 0.86 0.03 1.0
putbox 8 9 9 10 7 8 0.94 0.86 0.03 1.0
putbox 6 7 9 10 4 5 0.94 0.86 0.03 1.0
putbox 6 7 9 10 7 8 0.94 0.86 0.03 1.0
putvoxel 10 11 7 1.0 1.0 1.0 1.0
putvoxel 10 12 7 1.0 1.0 1.0 1.0
putvoxel 9 11 7 1.0 1.0 1.0 1.0
putvoxel 7 11 7 1.0 1.0 1.0 1.0
putvoxel 7 12 7 1.0 1.0 1.0 1.0
putvoxel 6 11 7 1.0 1.0 1.0 1.0
putvoxel 9 12 7 0.0 0.0 0.0 1.0
putvoxel 6 12 7 0.0 0.0 0.0 1.0
putbox 8 9 13 14 8 9 0.94 0.86 0.03 1.0
putbox 6 11 15 21 4 7 0.94 0.45 0.16 1.0
putbox 4 6 15 17 4 7 0.94 0.45 0.16 1.0
putbox 11 13 15 17 4 7 0.94 0.45 0.16 1.0 
putbox 6 11 17 21 7 8 0.94 0.45 0.16 1.0
putbox 4 6 17 20 4 7 0.94 0.86 0.03 1.0
putbox 11 13 17 20 4 7 0.94 0.86 0.03 1.0
putbox 6 11 21 24 4 7 0.05 0.15 0.83 1.0
putbox 6 8 24 26 4 7 0.94 0.86 0.03 1.0 
putbox 9 11 24 26 4 7 0.94 0.86 0.03 1.0  
putbox 6 8 26 27 4 7 1.0 1.0 1.0 1.0
putbox 9 11 26 27 4 7 1.0 1.0 1.0 1.0
putbox 6 8 27 28 4 9 0.05 0.15 0.83 1.0
putbox 9 11 27 28 4 9 0.05 0.15 0.83 1.0
putbox 3 14 28 29 4 9 0.08 0.58 0.07 1.0
putbox 13 14 27 28 4 9 0.08 0.58 0.07 1.0
putbox 14 15 26 27 4 9 0.08 0.58 0.07 1.0
putbox 14 15 27 28 4 9 0.08 0.58 0.07 1.0
putbox 5 6 29 30 8 9 0.0 0.0 0.0 1.0
putbox 5 6 29 30 4 5 0.0 0.0 0.0 1.0
putbox 11 12 29 30 8 9 0.0 0.0 0.0 1.0
putbox 11 12 29 30 4 5 0.0 0.0 0.0 1.0
  
